[0, 0, 0, 0, 35.10557, 0.9811089]
[2, 7, 6, 71, 84, 35.121056, 0.9811089]
[2, 7, 7, 197, 185, 35.135483, 0.9811089]
[2, 7, 8, 175, 159, 35.154423, 0.981109]
[2, 7, 9, 157, 151, 35.162247, 0.9811091]
[2, 7, 10, 49, 60, 35.168682, 0.9811089]
[2, 7, 10, 50, 60, 35.17457, 0.98110896]
[2, 7, 11, 26, 36, 35.18046, 0.981109]
[2, 7, 11, 27, 36, 35.185802, 0.98110896]
[2, 7, 14, 9, 0, 35.197063, 0.9811092]
[2, 7, 15, 8, 0, 35.207222, 0.9811094]
[2, 7, 16, 7, 0, 35.216274, 0.98110944]
[2, 7, 17, 6, 0, 35.224213, 0.98110944]
[2, 7, 18, 1, 0, 35.226482, 0.98110944]
[2, 7, 19, 5, 0, 35.2333, 0.98110944]
[2, 7, 20, 7, 0, 35.2424, 0.98110944]
[2, 8, 5, 4, 0, 35.248104, 0.98110944]
[2, 8, 6, 214, 222, 35.252956, 0.98110944]
[2, 8, 6, 215, 222, 35.257244, 0.98110944]
[2, 8, 7, 246, 254, 35.262104, 0.98110944]
[2, 8, 7, 247, 254, 35.2664, 0.98110944]
[2, 8, 8, 240, 254, 35.27471, 0.9811093]
[2, 8, 8, 241, 254, 35.28247, 0.98110944]
[2, 8, 9, 243, 254, 35.289085, 0.98110944]
[2, 8, 9, 244, 254, 35.295135, 0.9811095]
[2, 8, 10, 243, 254, 35.301773, 0.9811094]
[2, 8, 10, 244, 254, 35.307842, 0.98110944]
[2, 8, 12, 216, 198, 35.329876, 0.9811121]
[2, 8, 13, 204, 198, 35.338024, 0.9811147]
[2, 8, 14, 216, 198, 35.36021, 0.9811188]
[2, 8, 15, 217, 198, 35.383686, 0.98112166]
[2, 8, 16, 216, 198, 35.40611, 0.98112255]
[2, 8, 17, 214, 198, 35.42627, 0.9811229]
[2, 8, 18, 209, 198, 35.44056, 0.981123]
[2, 8, 19, 215, 198, 35.462082, 0.981123]
[2, 8, 20, 174, 170, 35.46808, 0.981123]
[2, 8, 21, 45, 52, 35.47258, 0.981123]
[2, 8, 21, 46, 52, 35.476486, 0.981123]
[2, 9, 6, 55, 67, 35.48401, 0.981123]
[2, 9, 6, 56, 67, 35.49094, 0.981123]
[2, 9, 7, 96, 114, 35.502113, 0.981123]
[2, 9, 7, 97, 114, 35.512714, 0.981123]
[2, 9, 8, 57, 72, 35.52212, 0.9811229]
[2, 9, 8, 58, 72, 35.53094, 0.981123]
[2, 9, 9, 92, 114, 35.54466, 0.9811229]
[2, 9, 9, 93, 114, 35.55781, 0.981123]
[2, 9, 10, 175, 163, 35.573772, 0.98112535]
[2, 9, 12, 239, 254, 35.58331, 0.9811238]
[2, 9, 12, 240, 254, 35.592255, 0.9811222]
[2, 9, 14, 242, 254, 35.59998, 0.98111856]
[2, 9, 14, 243, 254, 35.6071, 0.9811147]
[2, 9, 15, 241, 254, 35.615475, 0.9811128]
[2, 9, 15, 242, 254, 35.62324, 0.9811105]
[2, 9, 16, 243, 254, 35.6304, 0.9811094]
[2, 9, 16, 244, 254, 35.636948, 0.981108]
[2, 9, 17, 239, 250, 35.644127, 0.9811078]
[2, 9, 17, 240, 250, 35.650692, 0.9811075]
[2, 9, 18, 229, 229, 35.65101, 0.9811074]
[2, 9, 18, 230, 229, 35.650692, 0.9811073]
[2, 9, 19, 247, 254, 35.655388, 0.9811074]
[2, 9, 19, 248, 254, 35.659466, 0.9811074]
[2, 9, 20, 248, 254, 35.663544, 0.9811073]
[2, 9, 20, 249, 254, 35.667, 0.9811072]
[2, 9, 21, 136, 140, 35.669823, 0.9811072]
[2, 9, 21, 137, 140, 35.672028, 0.9811072]
[2, 10, 10, 8, 0, 35.68336, 0.98111916]
[2, 10, 12, 42, 66, 35.69884, 0.981126]
[2, 10, 12, 43, 66, 35.713734, 0.981131]
[2, 10, 14, 55, 67, 35.721684, 0.9811075]
[2, 10, 14, 56, 67, 35.729004, 0.9810809]
[2, 10, 15, 56, 67, 35.73634, 0.9810636]
[2, 10, 15, 57, 67, 35.743046, 0.98104477]
[2, 10, 16, 66, 67, 35.744007, 0.98103017]
[2, 10, 16, 67, 67, 35.744324, 0.98101485]
[2, 10, 17, 36, 59, 35.75938, 0.9810154]
[2, 10, 17, 37, 59, 35.77384, 0.9810156]
[2, 10, 20, 247, 254, 35.778675, 0.9810156]
[2, 10, 20, 248, 254, 35.782867, 0.9810156]
[2, 10, 21, 101, 106, 35.78642, 0.9810156]
[2, 10, 21, 102, 106, 35.789326, 0.9810156]
[2, 11, 18, 74, 83, 35.795467, 0.9810142]
[2, 11, 18, 75, 83, 35.800972, 0.9810126]
[2, 11, 19, 245, 253, 35.80648, 0.98101246]
[2, 11, 19, 246, 253, 35.81135, 0.98101234]
[2, 11, 20, 215, 209, 35.82045, 0.9810122]
[2, 11, 21, 18, 18, 35.82175, 0.9810122]
[2, 12, 19, 246, 255, 35.82794, 0.9810119]
[2, 12, 19, 247, 255, 35.83349, 0.98101157]
[2, 12, 20, 79, 83, 35.836426, 0.98101157]
[2, 12, 20, 80, 83, 35.83871, 0.9810116]
[2, 13, 16, 10, 0, 35.832508, 0.98067933]
[2, 13, 18, 249, 254, 35.836098, 0.9806721]
[2, 13, 19, 233, 238, 35.839695, 0.98067147]
[2, 13, 19, 234, 238, 35.842636, 0.98067063]
[2, 13, 20, 36, 44, 35.8482, 0.9806706]
[2, 13, 20, 37, 44, 35.853115, 0.98067033]
[2, 14, 16, 51, 59, 35.858692, 0.98053336]
[2, 14, 16, 52, 59, 35.86362, 0.9803839]
[2, 14, 17, 242, 249, 35.868553, 0.98034656]
[2, 14, 17, 243, 249, 35.87283, 0.9803059]
[2, 14, 18, 245, 254, 35.879093, 0.98030055]
[2, 14, 18, 246, 254, 35.884705, 0.98029476]
[2, 15, 15, 6, 0, 35.893963, 0.98125404]
[2, 15, 16, 135, 133, 35.897934, 0.98158216]
[2, 15, 17, 245, 254, 35.88735, 0.9816264]
[2, 15, 18, 188, 187, 35.88999, 0.98164034]
[2, 15, 19, 11, 5, 35.89926, 0.9816421]
[2, 16, 15, 14, 9, 35.90722, 0.9820153]
[2, 16, 16, 218, 205, 35.925854, 0.9822093]
[2, 16, 18, 56, 58, 35.92752, 0.98220706]
[2, 16, 18, 57, 58, 35.92852, 0.9822046]
[2, 17, 14, 9, 0, 35.941887, 0.9823799]
[2, 17, 15, 128, 126, 35.945904, 0.98246473]
[2, 17, 17, 192, 182, 35.960667, 0.982477]
[2, 17, 18, 9, 0, 35.97413, 0.98247916]
[2, 18, 14, 70, 75, 35.97784, 0.98247206]
[2, 18, 14, 71, 75, 35.980877, 0.98246425]
[2, 18, 16, 241, 240, 35.98054, 0.98246175]
[2, 18, 16, 242, 240, 35.979527, 0.98245895]
[2, 18, 17, 48, 57, 35.985947, 0.98245865]
[2, 18, 17, 49, 57, 35.991695, 0.98245823]
[2, 19, 13, 22, 19, 35.997116, 0.98246086]
[2, 19, 16, 172, 166, 36.006615, 0.9824616]
[2, 19, 17, 5, 0, 36.014774, 0.9824618]
[2, 20, 12, 8, 3, 36.02295, 0.98246187]
[2, 20, 13, 215, 203, 36.040718, 0.9824621]
[2, 20, 16, 29, 35, 36.04517, 0.98246217]
[2, 20, 16, 30, 35, 36.04894, 0.98246217]
[2, 21, 12, 37, 38, 36.04997, 0.9824621]
[2, 21, 12, 38, 38, 36.050312, 0.9824621]
[2, 21, 13, 245, 254, 36.056835, 0.9824621]
[2, 21, 13, 246, 254, 36.06268, 0.9824621]
[2, 21, 14, 244, 254, 36.069912, 0.9824621]
[2, 21, 14, 245, 254, 36.076466, 0.9824621]
[2, 21, 15, 67, 77, 36.08372, 0.9824621]
[2, 21, 15, 68, 77, 36.090294, 0.9824621]
[2, 22, 11, 20, 31, 36.098267, 0.9824621]
[2, 22, 11, 21, 31, 36.105556, 0.9824621]
[2, 22, 12, 223, 224, 36.1066, 0.9824621]
[2, 22, 12, 224, 224, 36.10695, 0.9824621]
[2, 22, 13, 249, 254, 36.11077, 0.98246217]
[2, 22, 13, 250, 254, 36.113907, 0.98246217]
[2, 22, 14, 115, 115, 36.114254, 0.98246217]
[2, 22, 14, 116, 115, 36.113907, 0.98246217]
[2, 22, 15, 10, 1, 36.10799, 0.98246217]
[2, 22, 15, 11, 1, 36.10139, 0.98246217]
[2, 23, 10, 5, 0, 36.109726, 0.98246217]
[2, 23, 11, 146, 133, 36.12925, 0.98246217]
[2, 23, 12, 245, 254, 36.118084, 0.98246217]
[2, 23, 13, 247, 254, 36.123318, 0.98246217]
[2, 23, 13, 248, 254, 36.127857, 0.98246217]
[2, 23, 14, 31, 52, 36.1429, 0.98246217]
[2, 23, 14, 32, 52, 36.15729, 0.98246217]
[2, 24, 10, 55, 61, 36.16187, 0.98246217]
[2, 24, 10, 56, 61, 36.16574, 0.98246217]
[2, 24, 11, 236, 242, 36.170326, 0.98246217]
[2, 24, 11, 237, 242, 36.174206, 0.98246217]
[2, 24, 13, 239, 254, 36.18516, 0.98246217]
[2, 24, 13, 240, 254, 36.19544, 0.98246217]
[2, 24, 14, 37, 52, 36.20645, 0.98246217]
[2, 24, 14, 38, 52, 36.216774, 0.98246217]
[2, 25, 10, 123, 121, 36.221058, 0.98246217]
[2, 25, 11, 244, 254, 36.20823, 0.98246217]
[2, 25, 13, 228, 219, 36.22248, 0.98246217]
[2, 25, 14, 21, 40, 36.236427, 0.98246217]
[2, 25, 14, 22, 40, 36.2497, 0.98246217]
[2, 26, 10, 121, 121, 36.251137, 0.98246217]
[2, 26, 11, 240, 254, 36.23249, 0.98246217]
[2, 26, 12, 210, 207, 36.23822, 0.98246217]
[2, 26, 13, 25, 18, 36.2497, 0.98246217]
[3, 7, 6, 72, 84, 36.25869, 0.98246217]
[3, 7, 6, 73, 84, 36.266975, 0.98246217]
[3, 7, 6, 74, 84, 36.274555, 0.98246217]
[3, 7, 7, 194, 185, 36.29738, 0.98246217]
[3, 7, 8, 172, 159, 36.32909, 0.98246217]
[3, 7, 9, 154, 151, 36.338978, 0.9824621]
[3, 7, 10, 51, 60, 36.34595, 0.9824621]
[3, 7, 10, 52, 60, 36.3522, 0.9824622]
[3, 7, 10, 53, 60, 36.35772, 0.98246217]
[3, 7, 11, 28, 36, 36.363987, 0.9824621]
[3, 7, 11, 29, 36, 36.36952, 0.98246205]
[3, 7, 11, 30, 36, 36.374325, 0.9824619]
[3, 7, 14, 6, 0, 36.39099, 0.9824624]
[3, 7, 15, 5, 0, 36.405487, 0.9824625]
[3, 7, 16, 4, 0, 36.41779, 0.9824626]
[3, 7, 17, 3, 0, 36.427883, 0.98246264]
[3, 7, 19, 2, 0, 36.435753, 0.98246264]
[3, 7, 20, 4, 0, 36.448143, 0.98246264]
[3, 8, 5, 1, 0, 36.45379, 0.98246264]
[3, 8, 6, 216, 222, 36.458683, 0.98246264]
[3, 8, 6, 217, 222, 36.462833, 0.98246264]
[3, 8, 6, 218, 222, 36.46623, 0.98246264]
[3, 8, 7, 248, 254, 36.47114, 0.98246264]
[3, 8, 7, 249, 254, 36.4753, 0.98246264]
[3, 8, 7, 250, 254, 36.478706, 0.98246264]
[3, 8, 8, 242, 254, 36.488186, 0.98246264]
[3, 8, 8, 243, 254, 36.496918, 0.9824627]
[3, 8, 8, 244, 254, 36.504913, 0.9824627]
[3, 8, 9, 245, 254, 36.512157, 0.98246264]
[3, 8, 9, 246, 254, 36.51865, 0.98246264]
[3, 8, 9, 247, 254, 36.524387, 0.9824627]
[3, 8, 10, 245, 254, 36.531666, 0.9824626]
[3, 8, 10, 246, 254, 36.538185, 0.9824625]
[3, 8, 10, 247, 254, 36.543945, 0.98246247]
[3, 8, 12, 213, 198, 36.58217, 0.98246616]
[3, 8, 13, 201, 198, 36.59265, 0.98247004]
[3, 8, 14, 213, 198, 36.63131, 0.98247576]
[3, 8, 15, 214, 198, 36.672688, 0.9824796]
[3, 8, 16, 213, 198, 36.712067, 0.98248094]
[3, 8, 17, 211, 198, 36.74697, 0.98248136]
[3, 8, 18, 206, 198, 36.76999, 0.98248136]
[3, 8, 19, 212, 198, 36.80781, 0.9824815]
[3, 8, 20, 171, 170, 36.813946, 0.9824815]
[3, 8, 21, 47, 52, 36.818447, 0.9824815]
[3, 8, 21, 48, 52, 36.822132, 0.9824815]
[3, 8, 21, 49, 52, 36.825005, 0.9824815]
[3, 9, 6, 57, 67, 36.833622, 0.9824815]
[3, 9, 6, 58, 67, 36.84144, 0.9824815]
[3, 9, 6, 59, 67, 36.848442, 0.9824815]
[3, 9, 7, 98, 114, 36.86207, 0.9824815]
[3, 9, 7, 99, 114, 36.874912, 0.98248136]
[3, 9, 7, 100, 114, 36.886955, 0.98248136]
[3, 9, 8, 59, 72, 36.8982, 0.98248136]
[3, 9, 8, 60, 72, 36.90864, 0.9824813]
[3, 9, 8, 61, 72, 36.918266, 0.9824814]
[3, 9, 9, 94, 114, 36.935482, 0.98248136]
[3, 9, 9, 95, 114, 36.95192, 0.98248136]
[3, 9, 9, 96, 114, 36.96757, 0.9824815]
[3, 9, 10, 172, 163, 36.99435, 0.9824846]
[3, 9, 12, 241, 254, 37.00588, 0.98248243]
[3, 9, 12, 242, 254, 37.016582, 0.98248035]
[3, 9, 12, 243, 254, 37.02645, 0.9824777]
[3, 9, 13, 226, 225, 37.032898, 0.98251015]
[3, 9, 13, 227, 225, 37.03161, 0.9824999]
[3, 9, 14, 244, 254, 37.04065, 0.9824953]
[3, 9, 14, 245, 254, 37.048843, 0.9824904]
[3, 9, 14, 246, 254, 37.056194, 0.982485]
[3, 9, 15, 243, 254, 37.066154, 0.9824824]
[3, 9, 15, 244, 254, 37.075264, 0.9824795]
[3, 9, 15, 245, 254, 37.083527, 0.9824763]
[3, 9, 16, 245, 254, 37.091805, 0.98247516]
[3, 9, 16, 246, 254, 37.099224, 0.98247355]
[3, 9, 16, 247, 254, 37.10578, 0.982472]
[3, 9, 17, 241, 250, 37.1141, 0.9824717]
[3, 9, 17, 242, 250, 37.121563, 0.98247135]
[3, 9, 17, 243, 250, 37.12815, 0.98247075]
[3, 9, 20, 250, 254, 37.13211, 0.98247087]
[3, 9, 20, 251, 254, 37.135193, 0.98247087]
[3, 9, 20, 252, 254, 37.137398, 0.98247087]
[3, 9, 21, 138, 140, 37.1396, 0.98247087]
[3, 9, 21, 139, 140, 37.140926, 0.98247087]
[3, 9, 21, 140, 140, 37.141365, 0.98247087]
[3, 10, 10, 5, 0, 37.1586, 0.98248714]
[3, 10, 12, 44, 66, 37.178574, 0.98249066]
[3, 10, 12, 45, 66, 37.197746, 0.98249257]
[3, 10, 12, 46, 66, 37.216106, 0.9824925]
[3, 10, 14, 57, 67, 37.22554, 0.98246396]
[3, 10, 14, 58, 67, 37.234093, 0.9824322]
[3, 10, 14, 59, 67, 37.24176, 0.9823976]
[3, 10, 15, 58, 67, 37.250347, 0.9823771]
[3, 10, 15, 59, 67, 37.25804, 0.982355]
[3, 10, 15, 60, 67, 37.264843, 0.98233074]
[3, 10, 16, 68, 67, 37.26439, 0.9823148]
[3, 10, 16, 69, 67, 37.263027, 0.9822981]
[3, 10, 16, 70, 67, 37.26076, 0.9822806]
[3, 10, 17, 38, 59, 37.2803, 0.98228085]
[3, 10, 17, 39, 59, 37.29901, 0.9822807]
[3, 10, 17, 40, 59, 37.316887, 0.9822804]
[3, 10, 20, 249, 254, 37.321945, 0.98228055]
[3, 10, 20, 250, 254, 37.32608, 0.98228043]
[3, 10, 20, 251, 254, 37.329304, 0.9822803]
[3, 10, 21, 103, 106, 37.33253, 0.9822803]
[3, 10, 21, 104, 106, 37.33484, 0.9822803]
[3, 10, 21, 105, 106, 37.33622, 0.9822803]
[3, 11, 18, 76, 83, 37.343147, 0.98227876]
[3, 11, 18, 77, 83, 37.349155, 0.9822769]
[3, 11, 18, 78, 83, 37.354248, 0.9822749]
[3, 11, 19, 247, 253, 37.360275, 0.98227483]
[3, 11, 19, 248, 253, 37.365383, 0.98227465]
[3, 11, 19, 249, 253, 37.36956, 0.98227435]
[3, 11, 20, 212, 209, 37.382133, 0.9822744]
[3, 12, 19, 248, 255, 37.389133, 0.98227394]
[3, 12, 19, 249, 255, 37.395206, 0.9822735]
[3, 12, 19, 250, 255, 37.400356, 0.9822731]
[3, 12, 20, 81, 83, 37.402695, 0.982273]
[3, 12, 20, 82, 83, 37.404106, 0.9822731]
[3, 12, 20, 83, 83, 37.40457, 0.982273]
[3, 13, 16, 7, 0, 37.428535, 0.98322296]
[3, 13, 16, 8, 0, 37.421474, 0.9829185]
[3, 13, 19, 235, 238, 37.42477, 0.9829177]
[3, 13, 19, 236, 238, 37.427124, 0.98291683]
[3, 13, 19, 237, 238, 37.428535, 0.9829158]
[3, 13, 20, 38, 44, 37.434666, 0.98291576]
[3, 13, 20, 39, 44, 37.439865, 0.98291564]
[3, 13, 20, 40, 44, 37.44412, 0.9829156]
[3, 14, 16, 53, 59, 37.450268, 0.9827628]
[3, 14, 16, 54, 59, 37.455482, 0.98259795]
[3, 14, 16, 55, 59, 37.45975, 0.9824203]
[3, 14, 17, 244, 249, 37.464977, 0.9823778]
[3, 14, 17, 245, 249, 37.469254, 0.9823321]
[3, 14, 17, 246, 249, 37.472584, 0.9822836]
[3, 14, 18, 247, 254, 37.479733, 0.9822772]
[3, 14, 18, 248, 254, 37.485935, 0.98227054]
[3, 14, 18, 249, 254, 37.49119, 0.9822632]
[3, 15, 15, 3, 0, 37.50412, 0.98355]
[3, 15, 16, 133, 133, 37.50604, 0.9838436]
[3, 15, 16, 134, 133, 37.505558, 0.9837005]
[3, 15, 17, 243, 254, 37.486412, 0.9837365]
[3, 15, 17, 244, 254, 37.496452, 0.9837195]
[3, 15, 19, 8, 5, 37.509396, 0.98372203]
[3, 16, 15, 11, 9, 37.51949, 0.984218]
[3, 16, 16, 215, 205, 37.552822, 0.9844842]
[3, 16, 17, 243, 248, 37.558163, 0.9844737]
[3, 17, 14, 6, 0, 37.580063, 0.98470956]
[3, 17, 17, 189, 182, 37.605022, 0.9847265]
[3, 17, 18, 6, 0, 37.627163, 0.9847292]
[3, 18, 14, 72, 75, 37.630615, 0.98472124]
[3, 18, 14, 73, 75, 37.633087, 0.98471296]
[3, 18, 14, 74, 75, 37.634567, 0.9847041]
[3, 18, 17, 50, 57, 37.641987, 0.9847036]
[3, 18, 17, 51, 57, 37.648426, 0.98470324]
[3, 18, 17, 52, 57, 37.65388, 0.9847027]
[3, 19, 13, 19, 19, 37.65835, 0.98470604]
[3, 19, 16, 169, 166, 37.671787, 0.9847071]
[3, 20, 12, 5, 3, 37.682266, 0.98470736]
[3, 20, 13, 212, 203, 37.713852, 0.9847076]
[3, 20, 15, 222, 219, 37.727463, 0.9847078]
[3, 20, 15, 223, 219, 37.72393, 0.9847077]
[3, 20, 16, 31, 35, 37.728474, 0.9847076]
[3, 20, 16, 32, 35, 37.73201, 0.9847077]
[3, 20, 16, 33, 35, 37.73454, 0.9847076]
[3, 21, 13, 247, 254, 37.74213, 0.98470765]
[3, 21, 13, 248, 254, 37.74872, 0.98470765]
[3, 21, 13, 249, 254, 37.754303, 0.98470765]
[3, 21, 14, 246, 254, 37.762947, 0.9847076]
[3, 21, 14, 247, 254, 37.770588, 0.98470765]
[3, 21, 14, 248, 254, 37.777218, 0.9847077]
[3, 21, 15, 69, 77, 37.785908, 0.9847077]
[3, 21, 15, 70, 77, 37.79359, 0.98470765]
[3, 21, 15, 71, 77, 37.80026, 0.98470765]
[3, 22, 11, 22, 31, 37.810024, 0.98470765]
[3, 22, 11, 23, 31, 37.81878, 0.98470765]
[3, 22, 11, 24, 31, 37.82652, 0.98470765]
[3, 22, 12, 225, 224, 37.826004, 0.98470765]
[3, 22, 12, 226, 224, 37.824455, 0.9847076]
[3, 22, 14, 117, 115, 37.822906, 0.9847076]
[3, 22, 15, 12, 1, 37.812084, 0.9847076]
[3, 23, 10, 2, 0, 37.822906, 0.9847076]
[3, 23, 11, 143, 133, 37.858658, 0.9847076]
[3, 23, 12, 242, 254, 37.826004, 0.9847076]
[3, 23, 13, 249, 254, 37.831688, 0.9847076]
[3, 23, 13, 250, 254, 37.83634, 0.9847076]
[3, 23, 13, 251, 254, 37.839966, 0.9847076]
[3, 23, 14, 33, 52, 37.860218, 0.9847076]
[3, 23, 14, 34, 52, 37.87952, 0.9847076]
[3, 23, 14, 35, 52, 37.897858, 0.9847076]
[3, 24, 10, 57, 61, 37.902584, 0.9847076]
[3, 24, 10, 58, 61, 37.90627, 0.9847076]
[3, 24, 10, 59, 61, 37.908897, 0.9847076]
[3, 24, 13, 241, 254, 37.923134, 0.9847076]
[3, 24, 13, 242, 254, 37.93635, 0.9847076]
[3, 24, 13, 243, 254, 37.948555, 0.9847076]
[3, 24, 14, 39, 52, 37.962917, 0.9847076]
[3, 24, 14, 40, 52, 37.97626, 0.9847076]
[3, 24, 14, 41, 52, 37.988575, 0.9847076]
[3, 25, 10, 121, 121, 37.990723, 0.9847076]
[3, 25, 10, 122, 121, 37.990185, 0.9847076]
[3, 25, 11, 245, 254, 38.000385, 0.9847076]
[3, 25, 11, 246, 254, 38.009533, 0.9847076]
[3, 25, 11, 247, 254, 38.017624, 0.9847076]
[3, 25, 13, 225, 219, 38.041977, 0.9847076]
[3, 25, 14, 23, 40, 38.061016, 0.9847076]
[3, 25, 14, 24, 40, 38.07904, 0.9847076]
[3, 25, 14, 25, 40, 38.096043, 0.9847076]
[3, 26, 10, 119, 121, 38.09384, 0.9847076]
[3, 26, 10, 120, 121, 38.095493, 0.9847076]
[3, 26, 11, 239, 254, 38.079586, 0.9847076]
[3, 26, 12, 207, 207, 38.084515, 0.9847076]
[3, 26, 13, 22, 18, 38.102642, 0.9847076]
[4, 7, 6, 75, 84, 38.11311, 0.9847076]
[4, 7, 6, 76, 84, 38.1225, 0.9847076]
[4, 7, 6, 77, 84, 38.1308, 0.9847076]
[4, 7, 6, 78, 84, 38.138012, 0.9847076]
[4, 7, 7, 190, 185, 38.169193, 0.9847076]
[4, 7, 8, 168, 159, 38.218655, 0.98470765]
[4, 7, 9, 150, 151, 38.22318, 0.9847077]
[4, 7, 9, 151, 151, 38.223743, 0.9847077]
[4, 7, 10, 54, 60, 38.23111, 0.9847076]
[4, 7, 10, 55, 60, 38.237347, 0.98470765]
[4, 7, 10, 56, 60, 38.242462, 0.98470765]
[4, 7, 10, 57, 60, 38.24644, 0.98470765]
[4, 7, 11, 31, 36, 38.252705, 0.98470765]
[4, 7, 11, 32, 36, 38.257835, 0.9847076]
[4, 7, 11, 33, 36, 38.26183, 0.9847076]
[4, 7, 11, 34, 36, 38.264683, 0.98470753]
[4, 7, 14, 2, 0, 38.283005, 0.9847079]
[4, 7, 15, 1, 0, 38.296795, 0.98470813]
[4, 7, 20, 0, 0, 38.30601, 0.98470813]
[4, 8, 6, 219, 222, 38.31005, 0.98470813]
[4, 8, 6, 220, 222, 38.31294, 0.98470813]
[4, 8, 6, 221, 222, 38.314674, 0.98470813]
[4, 8, 6, 222, 222, 38.31525, 0.98470813]
[4, 8, 8, 245, 254, 38.326244, 0.98470813]
[4, 8, 8, 246, 254, 38.336105, 0.98470813]
[4, 8, 8, 247, 254, 38.34483, 0.98470825]
[4, 8, 8, 248, 254, 38.3524, 0.98470825]
[4, 8, 9, 248, 254, 38.359985, 0.98470825]
[4, 8, 9, 249, 254, 38.366413, 0.98470813]
[4, 8, 9, 250, 254, 38.37168, 0.9847081]
[4, 8, 9, 251, 254, 38.375782, 0.98470825]
[4, 8, 10, 248, 254, 38.383404, 0.9847081]
[4, 8, 10, 249, 254, 38.38987, 0.984708]
[4, 8, 10, 250, 254, 38.395164, 0.984708]
[4, 8, 10, 251, 254, 38.39929, 0.9847079]
[4, 8, 12, 209, 198, 38.46101, 0.98471224]
[4, 8, 13, 197, 198, 38.465794, 0.9847165]
[4, 8, 14, 209, 198, 38.528473, 0.9847234]
[4, 8, 15, 210, 198, 38.597004, 0.98472786]
[4, 8, 16, 209, 198, 38.66162, 0.9847296]
[4, 8, 17, 207, 198, 38.717056, 0.98473]
[4, 8, 18, 202, 198, 38.747597, 0.98473024]
[4, 8, 19, 208, 198, 38.809326, 0.98473024]
[4, 8, 20, 167, 170, 38.80415, 0.98473024]
[4, 8, 20, 168, 170, 38.807384, 0.98473024]
[4, 8, 20, 169, 170, 38.809326, 0.98473024]
[4, 8, 21, 50, 52, 38.812565, 0.98473024]
[4, 8, 21, 51, 52, 38.814514, 0.98473024]
[4, 8, 21, 52, 52, 38.81516, 0.98473024]
[4, 9, 6, 60, 67, 38.8249, 0.98473024]
[4, 9, 6, 61, 67, 38.833355, 0.98473024]
[4, 9, 6, 62, 67, 38.840523, 0.98473024]
[4, 9, 6, 63, 67, 38.8464, 0.9847303]
[4, 9, 7, 101, 114, 38.864075, 0.98473024]
[4, 9, 7, 102, 114, 38.8805, 0.98473024]
[4, 9, 7, 103, 114, 38.895664, 0.98473024]
[4, 9, 7, 104, 114, 38.90956, 0.98473024]
[4, 9, 8, 62, 72, 38.923504, 0.98473006]
[4, 9, 8, 63, 72, 38.936153, 0.9847302]
[4, 9, 8, 64, 72, 38.947506, 0.98473024]
[4, 9, 8, 65, 72, 38.957542, 0.98473006]
[4, 9, 9, 97, 114, 38.98106, 0.9847301]
[4, 9, 9, 98, 114, 39.003353, 0.98472995]
[4, 9, 9, 99, 114, 39.024395, 0.98473]
[4, 9, 9, 100, 114, 39.044174, 0.98473]
[4, 9, 10, 168, 163, 39.082626, 0.9847336]
[4, 9, 12, 244, 254, 39.097134, 0.9847309]
[4, 9, 12, 245, 254, 39.110302, 0.9847277]
[4, 9, 12, 246, 254, 39.122116, 0.98472446]
[4, 9, 12, 247, 254, 39.132572, 0.98472065]
[4, 9, 14, 247, 254, 39.143044, 0.9847149]
[4, 9, 14, 248, 254, 39.15215, 0.9847087]
[4, 9, 14, 249, 254, 39.159866, 0.98470217]
[4, 9, 14, 250, 254, 39.166183, 0.9846949]
[4, 9, 15, 246, 254, 39.178154, 0.9846914]
[4, 9, 15, 247, 254, 39.188744, 0.98468775]
[4, 9, 15, 248, 254, 39.19794, 0.9846837]
[4, 9, 15, 249, 254, 39.205738, 0.9846794]
[4, 9, 16, 248, 254, 39.21497, 0.98467785]
[4, 9, 16, 249, 254, 39.2228, 0.98467606]
[4, 9, 16, 250, 254, 39.229218, 0.9846741]
[4, 9, 16, 251, 254, 39.234215, 0.984672]
[4, 9, 17, 244, 250, 39.243507, 0.9846717]
[4, 9, 17, 245, 250, 39.25139, 0.9846712]
[4, 9, 17, 246, 250, 39.257847, 0.98467076]
[4, 9, 17, 247, 250, 39.262875, 0.9846701]
[4, 10, 10, 1, 0, 39.280163, 0.98468846]
[4, 10, 12, 47, 66, 39.308403, 0.98468757]
[4, 10, 12, 48, 66, 39.33537, 0.984685]
[4, 10, 12, 49, 66, 39.36103, 0.9846803]
[4, 10, 12, 50, 66, 39.38536, 0.98467386]
[4, 10, 13, 16, 14, 39.409092, 0.9849484]
[4, 10, 13, 17, 14, 39.405376, 0.9848841]
[4, 10, 14, 60, 67, 39.416534, 0.9848486]
[4, 10, 14, 61, 67, 39.426224, 0.9848102]
[4, 10, 14, 62, 67, 39.434444, 0.98476887]
[4, 10, 14, 63, 67, 39.44118, 0.9847244]
[4, 10, 15, 61, 67, 39.45093, 0.9846997]
[4, 10, 15, 62, 67, 39.459194, 0.98467296]
[4, 10, 15, 63, 67, 39.46597, 0.98464435]
[4, 10, 15, 64, 67, 39.471245, 0.98461384]
[4, 10, 17, 41, 59, 39.499245, 0.9846135]
[4, 10, 17, 42, 59, 39.525898, 0.984613]
[4, 10, 17, 43, 59, 39.551174, 0.9846122]
[4, 10, 17, 44, 59, 39.575054, 0.9846113]
[4, 11, 16, 2, 0, 39.599842, 0.98488784]
[4, 11, 17, 8, 0, 39.61307, 0.9849093]
[4, 11, 18, 79, 83, 39.62009, 0.9849073]
[4, 11, 18, 80, 83, 39.62556, 0.9849051]
[4, 11, 18, 81, 83, 39.62947, 0.984903]
[4, 11, 18, 82, 83, 39.631817, 0.9849006]
[4, 11, 20, 208, 209, 39.63808, 0.98490065]
[4, 11, 20, 209, 209, 39.638866, 0.98490065]
[4, 13, 16, 5, 0, 39.669544, 0.98575854]
[4, 13, 16, 6, 0, 39.660873, 0.98548496]
[4, 13, 16, 7, 0, 39.650642, 0.985199]
[4, 13, 20, 41, 44, 39.656147, 0.98519886]
[4, 13, 20, 42, 44, 39.66008, 0.9851988]
[4, 13, 20, 43, 44, 39.662445, 0.98519874]
[4, 13, 20, 44, 44, 39.66324, 0.9851987]
[4, 14, 16, 56, 59, 39.66876, 0.9850203]
[4, 14, 16, 57, 59, 39.672707, 0.98482966]
[4, 14, 16, 58, 59, 39.67508, 0.9846265]
[4, 14, 17, 247, 249, 39.679028, 0.98457646]
[4, 14, 17, 248, 249, 39.681408, 0.9845234]
[4, 14, 17, 249, 249, 39.682198, 0.98446757]
[4, 14, 17, 250, 249, 39.681408, 0.98440874]
[4, 14, 18, 250, 254, 39.688534, 0.9844014]
[4, 14, 18, 251, 254, 39.694088, 0.98439324]
[4, 14, 18, 252, 254, 39.69806, 0.98438466]
[4, 14, 18, 253, 254, 39.700447, 0.9843758]
[4, 14, 19, 60, 62, 39.697266, 0.98437774]
[4, 14, 19, 61, 62, 39.69965, 0.9843768]
[4, 15, 17, 243, 254, 39.682987, 0.98439443]
[4, 15, 19, 4, 5, 39.68933, 0.9843974]
[4, 16, 15, 7, 9, 39.68933, 0.9849637]
[4, 16, 16, 211, 205, 39.740387, 0.9852802]
[4, 16, 17, 244, 248, 39.747612, 0.98526865]
[4, 16, 17, 245, 248, 39.753242, 0.9852565]
[4, 17, 17, 185, 182, 39.785557, 0.9852761]
[4, 17, 18, 2, 0, 39.81158, 0.9852792]
[4, 18, 17, 53, 57, 39.818928, 0.9852788]
[4, 18, 17, 54, 57, 39.824654, 0.98527837]
[4, 18, 17, 55, 57, 39.828747, 0.9852778]
[4, 18, 17, 56, 57, 39.8312, 0.98527706]
[4, 19, 16, 165, 166, 39.837765, 0.9852781]
[4, 19, 16, 166, 166, 39.838585, 0.9852779]
[4, 20, 13, 208, 203, 39.884796, 0.9852783]
[4, 21, 14, 249, 254, 39.893932, 0.98527825]
[4, 21, 14, 250, 254, 39.90142, 0.9852783]
[4, 21, 14, 251, 254, 39.907253, 0.9852783]
[4, 21, 14, 252, 254, 39.911423, 0.9852783]
[4, 21, 15, 72, 77, 39.920612, 0.9852783]
[4, 21, 15, 73, 77, 39.92815, 0.98527825]
[4, 21, 15, 74, 77, 39.93402, 0.98527825]
[4, 21, 15, 75, 77, 39.938217, 0.98527825]
[4, 22, 11, 25, 31, 39.94915, 0.98527825]
[4, 22, 11, 26, 31, 39.95842, 0.98527825]
[4, 22, 14, 116, 115, 39.960953, 0.98527825]
[4, 23, 11, 139, 133, 40.015327, 0.98527825]
[4, 23, 12, 238, 254, 39.920612, 0.98527825]
[4, 23, 13, 252, 254, 39.9248, 0.98527825]
[4, 23, 13, 253, 254, 39.92731, 0.98527825]
[4, 23, 13, 254, 254, 39.92815, 0.98527825]
[4, 23, 13, 255, 254, 39.92731, 0.98527825]
[4, 23, 14, 36, 52, 39.955048, 0.98527825]
[4, 23, 14, 37, 52, 39.981262, 0.98527825]
[4, 23, 14, 38, 52, 40.005928, 0.98527825]
[4, 23, 14, 39, 52, 40.029026, 0.98527825]
[4, 24, 11, 238, 242, 40.03675, 0.98527825]
[4, 24, 11, 239, 242, 40.04277, 0.98527825]
[4, 24, 11, 240, 242, 40.047073, 0.98527825]
[4, 24, 13, 244, 254, 40.065193, 0.98527825]
[4, 24, 13, 245, 254, 40.081657, 0.98527825]
[4, 24, 13, 246, 254, 40.09644, 0.98527825]
[4, 24, 13, 247, 254, 40.109524, 0.98527825]
[4, 24, 14, 42, 52, 40.127914, 0.98527825]
[4, 24, 14, 43, 52, 40.14461, 0.98527825]
[4, 24, 14, 44, 52, 40.15961, 0.98527825]
[4, 24, 14, 45, 52, 40.17289, 0.98527825]
[4, 25, 11, 248, 254, 40.184425, 0.98527825]
[4, 25, 11, 249, 254, 40.194218, 0.98527825]
[4, 25, 11, 250, 254, 40.20224, 0.98527825]
[4, 25, 11, 251, 254, 40.208496, 0.98527825]
[4, 25, 14, 26, 40, 40.234493, 0.98527825]
[4, 25, 14, 27, 40, 40.25884, 0.98527825]
[4, 25, 14, 28, 40, 40.2815, 0.98527825]
[4, 25, 14, 29, 40, 40.30246, 0.98527825]
[4, 26, 11, 240, 254, 40.329025, 0.98527825]
[4, 26, 11, 241, 254, 40.35391, 0.98527825]
[4, 26, 11, 242, 254, 40.377075, 0.98527825]
[4, 26, 11, 243, 254, 40.3985, 0.98527825]
[4, 26, 12, 204, 207, 40.390102, 0.98527825]
[4, 26, 12, 205, 207, 40.394768, 0.98527825]
[4, 26, 13, 18, 18, 40.409718, 0.98527825]
[5, 7, 6, 79, 84, 40.420033, 0.98527825]
[5, 7, 6, 80, 84, 40.428486, 0.98527825]
[5, 7, 6, 81, 84, 40.43507, 0.98527825]
[5, 7, 6, 82, 84, 40.439777, 0.98527825]
[5, 7, 7, 185, 185, 40.463413, 0.98527825]
[5, 7, 8, 163, 159, 40.525463, 0.98527825]
[5, 7, 10, 58, 60, 40.530273, 0.98527837]
[5, 7, 10, 59, 60, 40.533157, 0.98527837]
[5, 7, 10, 60, 60, 40.534122, 0.98527837]
[5, 7, 10, 61, 60, 40.533157, 0.98527837]
[5, 7, 10, 62, 60, 40.530273, 0.98527837]
[5, 7, 11, 35, 36, 40.533157, 0.98527825]
[5, 7, 11, 36, 36, 40.534122, 0.9852782]
[5, 7, 11, 37, 36, 40.533157, 0.9852783]
[5, 7, 14, 0, 0, 40.537014, 0.98527837]
[5, 8, 5, 0, 0, 40.53798, 0.98527837]
[5, 8, 8, 249, 254, 40.5486, 0.98527837]
[5, 8, 8, 250, 254, 40.557304, 0.98527837]
[5, 8, 8, 251, 254, 40.564095, 0.98527837]
[5, 8, 8, 252, 254, 40.568943, 0.98527837]
[5, 8, 12, 204, 198, 40.652287, 0.9852831]
[5, 8, 13, 192, 198, 40.617775, 0.98528737]
[5, 8, 13, 193, 198, 40.628593, 0.98528665]
[5, 8, 14, 204, 198, 40.713097, 0.9852939]
[5, 8, 15, 205, 198, 40.809532, 0.9852989]
[5, 8, 16, 204, 198, 40.89767, 0.98530084]
[5, 8, 17, 202, 198, 40.966293, 0.9853012]
[5, 8, 18, 197, 198, 40.982292, 0.9853014]
[5, 8, 19, 203, 198, 41.063145, 0.9853013]
[5, 9, 6, 64, 67, 41.07077, 0.9853013]
[5, 9, 6, 65, 67, 41.07622, 0.9853013]
[5, 9, 6, 66, 67, 41.0795, 0.9853013]
[5, 9, 6, 67, 67, 41.08059, 0.9853013]
[5, 9, 6, 68, 67, 41.0795, 0.9853013]
[5, 9, 7, 105, 114, 41.1003, 0.9853013]
[5, 9, 7, 106, 114, 41.119003, 0.9853013]
[5, 9, 7, 107, 114, 41.135563, 0.9853013]
[5, 9, 7, 108, 114, 41.149975, 0.9853014]
[5, 9, 7, 109, 114, 41.162205, 0.9853014]
[5, 9, 8, 66, 72, 41.1767, 0.98530143]
[5, 9, 8, 67, 72, 41.189007, 0.98530126]
[5, 9, 8, 68, 72, 41.1991, 0.98530114]
[5, 9, 8, 69, 72, 41.206963, 0.9853013]
[5, 9, 8, 70, 72, 41.212593, 0.9853012]
[5, 9, 9, 101, 114, 41.24311, 0.9853012]
[5, 9, 9, 102, 114, 41.27156, 0.9853012]
[5, 9, 9, 103, 114, 41.297897, 0.98530114]
[5, 9, 9, 104, 114, 41.322083, 0.98530114]
[5, 9, 9, 105, 114, 41.344086, 0.985301]
[5, 9, 10, 163, 163, 41.373207, 0.9853049]
[5, 9, 10, 164, 163, 41.372036, 0.9853042]
[5, 9, 12, 248, 254, 41.387253, 0.9853001]
[5, 9, 12, 249, 254, 41.40017, 0.9852957]
[5, 9, 12, 250, 254, 41.410767, 0.9852909]
[5, 9, 12, 251, 254, 41.419025, 0.985286]
[5, 9, 12, 252, 254, 41.42494, 0.9852806]
[5, 9, 15, 250, 254, 41.435593, 0.985276]
[5, 9, 15, 251, 254, 41.4439, 0.98527104]
[5, 9, 15, 252, 254, 41.449844, 0.9852659]
[5, 9, 15, 253, 254, 41.453415, 0.9852601]
[5, 9, 15, 254, 254, 41.454605, 0.98525417]
[5, 10, 7, 9, 0, 41.43441, 0.98525417]
[5, 10, 12, 51, 66, 41.471306, 0.98524565]
[5, 10, 12, 52, 66, 41.506115, 0.9852355]
[5, 10, 12, 53, 66, 41.538773, 0.98522323]
[5, 10, 12, 54, 66, 41.56923, 0.9852094]
[5, 10, 12, 55, 66, 41.597446, 0.9851934]
[5, 10, 14, 64, 67, 41.606068, 0.9851459]
[5, 10, 14, 65, 67, 41.61224, 0.9850954]
[5, 10, 14, 66, 67, 41.615944, 0.9850418]
[5, 10, 14, 67, 67, 41.61718, 0.9849856]
[5, 10, 15, 65, 67, 41.623367, 0.98495305]
[5, 10, 15, 66, 67, 41.627083, 0.9849184]
[5, 10, 17, 45, 59, 41.663166, 0.9849173]
[5, 10, 17, 46, 59, 41.69703, 0.9849159]
[5, 10, 17, 47, 59, 41.728626, 0.9849143]
[5, 10, 17, 48, 59, 41.757896, 0.9849125]
[5, 10, 17, 49, 59, 41.784798, 0.9849105]
[5, 11, 17, 6, 0, 41.820923, 0.98495173]
[5, 11, 17, 7, 0, 41.80411, 0.9849316]
[5, 13, 16, 2, 0, 41.862583, 0.9862606]
[5, 13, 16, 3, 0, 41.85605, 0.9860193]
[5, 15, 17, 244, 254, 41.88356, 0.98600274]
[5, 15, 17, 245, 254, 41.90861, 0.98598427]
[5, 15, 17, 246, 254, 41.93114, 0.9859638]
[5, 16, 16, 206, 205, 41.977905, 0.9862928]
[5, 16, 16, 207, 205, 41.973877, 0.98623294]
[5, 17, 14, 1, 0, 42.021103, 0.98656356]
[5, 17, 14, 2, 0, 42.017036, 0.9865032]
[5, 17, 14, 3, 0, 42.010265, 0.9864402]
[5, 20, 13, 203, 203, 42.04423, 0.9864404]
[5, 20, 13, 204, 203, 42.04287, 0.9864405]
[5, 20, 13, 205, 203, 42.03878, 0.9864405]
[5, 22, 11, 27, 31, 42.05106, 0.9864405]
[5, 22, 11, 28, 31, 42.06063, 0.9864405]
[5, 22, 15, 8, 1, 42.160347, 0.9864405]
[5, 23, 11, 134, 133, 42.20966, 0.9864405]
[5, 23, 11, 135, 133, 42.20541, 0.9864405]
[5, 23, 11, 136, 133, 42.198338, 0.9864405]
[5, 23, 12, 239, 254, 42.24237, 0.9864405]
[5, 23, 14, 40, 52, 42.27821, 0.9864405]
[5, 23, 14, 41, 52, 42.311447, 0.9864405]
[5, 23, 14, 42, 52, 42.34201, 0.9864405]
[5, 23, 14, 43, 52, 42.369858, 0.9864405]
[5, 23, 14, 44, 52, 42.394924, 0.9864405]
[5, 24, 13, 248, 254, 42.414192, 0.9864405]
[5, 24, 13, 249, 254, 42.430557, 0.9864405]
[5, 24, 13, 250, 254, 42.444, 0.9864405]
[5, 24, 13, 251, 254, 42.454475, 0.9864405]
[5, 24, 13, 252, 254, 42.461983, 0.9864405]
[5, 24, 14, 46, 52, 42.48155, 0.9864405]
[5, 24, 14, 47, 52, 42.498173, 0.9864405]
[5, 24, 14, 48, 52, 42.511818, 0.9864405]
[5, 24, 14, 49, 52, 42.52247, 0.9864405]
[5, 24, 14, 50, 52, 42.53009, 0.9864405]
[5, 25, 10, 119, 121, 42.525513, 0.9864405]
[5, 25, 10, 120, 121, 42.53009, 0.9864405]
[5, 25, 13, 220, 219, 42.583813, 0.9864405]
[5, 25, 13, 221, 219, 42.579178, 0.9864405]
[5, 25, 13, 222, 219, 42.571472, 0.9864405]
[5, 25, 14, 30, 40, 42.60393, 0.9864405]
[5, 25, 14, 31, 40, 42.63352, 0.9864405]
[5, 25, 14, 32, 40, 42.660152, 0.9864405]
[5, 25, 14, 33, 40, 42.683796, 0.9864405]
[5, 25, 14, 34, 40, 42.70439, 0.9864405]
[5, 26, 11, 244, 254, 42.737865, 0.9864405]
[5, 26, 11, 245, 254, 42.768375, 0.9864405]
[5, 26, 11, 246, 254, 42.795856, 0.9864405]
[5, 26, 11, 247, 254, 42.82025, 0.9864405]
[5, 26, 11, 248, 254, 42.841503, 0.9864405]
[5, 26, 13, 14, 18, 42.81536, 0.9864405]
[5, 26, 13, 15, 18, 42.82678, 0.9864405]
[5, 26, 13, 16, 18, 42.834957, 0.9864405]
[6, 7, 8, 157, 159, 42.854633, 0.9864405]
[6, 7, 8, 158, 159, 42.85957, 0.9864405]
[6, 8, 12, 198, 198, 42.91922, 0.986445]
[6, 8, 13, 194, 198, 42.93426, 0.98644406]
[6, 8, 13, 195, 198, 42.946, 0.9864432]
[6, 8, 14, 198, 198, 43.00686, 0.9864503]
[6, 8, 15, 199, 198, 43.089355, 0.986455]
[6, 8, 16, 198, 198, 43.15227, 0.9864569]
[6, 8, 17, 196, 198, 43.173447, 0.98645735]
[6, 8, 17, 197, 198, 43.178757, 0.9864572]
[6, 8, 19, 197, 198, 43.221478, 0.9864572]
[6, 8, 19, 198, 198, 43.223267, 0.9864572]
[6, 8, 19, 199, 198, 43.221478, 0.9864572]
[6, 9, 7, 110, 114, 43.237606, 0.9864572]
[6, 9, 7, 111, 114, 43.25019, 0.9864572]
[6, 9, 7, 112, 114, 43.259205, 0.9864572]
[6, 9, 8, 71, 72, 43.264618, 0.9864573]
[6, 9, 8, 72, 72, 43.266426, 0.98645717]
[6, 9, 8, 73, 72, 43.264618, 0.9864571]
[6, 9, 8, 74, 72, 43.259205, 0.98645717]
[6, 9, 9, 106, 114, 43.289986, 0.9864572]
[6, 9, 9, 107, 114, 43.31733, 0.98645705]
[6, 9, 9, 108, 114, 43.341164, 0.986457]
[6, 9, 9, 109, 114, 43.36144, 0.98645693]
[6, 9, 9, 110, 114, 43.378094, 0.9864568]
[6, 9, 9, 111, 114, 43.391094, 0.9864567]
[6, 9, 11, 222, 227, 43.346687, 0.9864699]
[6, 9, 11, 223, 227, 43.363285, 0.9864681]
[6, 9, 11, 224, 227, 43.37624, 0.98646605]
[6, 9, 11, 225, 227, 43.385517, 0.98646396]
[6, 10, 7, 10, 0, 43.35037, 0.98646396]
[6, 10, 12, 56, 66, 43.389233, 0.98644716]
[6, 10, 12, 57, 66, 43.424706, 0.9864287]
[6, 10, 12, 58, 66, 43.456688, 0.9864081]
[6, 10, 12, 59, 66, 43.4851, 0.98638594]
[6, 10, 12, 60, 66, 43.50988, 0.9863615]
[6, 10, 12, 61, 66, 43.530956, 0.9863355]
[6, 10, 16, 68, 67, 43.546352, 0.9863683]
[6, 10, 16, 69, 67, 43.540573, 0.9863523]
[6, 10, 17, 50, 59, 43.5773, 0.9863502]
[6, 10, 17, 51, 59, 43.61043, 0.986348]
[6, 10, 17, 52, 59, 43.639877, 0.98634565]
[6, 10, 17, 53, 59, 43.665558, 0.9863429]
[6, 10, 17, 54, 59, 43.68741, 0.98634005]
[6, 10, 17, 55, 59, 43.705364, 0.986337]
[6, 10, 18, 21, 21, 43.737476, 0.98634005]
[6, 10, 18, 22, 21, 43.73546, 0.9863394]
[6, 11, 17, 4, 0, 43.802418, 0.9863963]
[6, 11, 17, 5, 0, 43.784054, 0.986378]
[6, 18, 15, 246, 251, 43.806507, 0.9863738]
[6, 18, 15, 247, 251, 43.824966, 0.9863691]
[6, 18, 15, 248, 251, 43.839382, 0.9863641]
[6, 18, 15, 249, 251, 43.8497, 0.9863589]
[6, 20, 15, 220, 219, 43.880817, 0.98635906]
[6, 20, 15, 221, 219, 43.874577, 0.986359]
[6, 22, 15, 5, 1, 43.943733, 0.986359]
[6, 22, 15, 6, 1, 43.924763, 0.986359]
[6, 23, 12, 240, 254, 43.986183, 0.986359]
[6, 23, 12, 241, 254, 44.044163, 0.986359]
[6, 23, 12, 242, 254, 44.098545, 0.986359]
[6, 23, 12, 243, 254, 44.14919, 0.986359]
[6, 23, 12, 244, 254, 44.195946, 0.986359]
[6, 23, 12, 245, 254, 44.238686, 0.986359]
[6, 23, 14, 45, 52, 44.27273, 0.986359]
[6, 23, 14, 46, 52, 44.302456, 0.986359]
[6, 23, 14, 47, 52, 44.327766, 0.986359]
[6, 23, 14, 48, 52, 44.348583, 0.986359]
[6, 23, 14, 49, 52, 44.364845, 0.986359]
[6, 23, 14, 50, 52, 44.3765, 0.986359]
[6, 24, 10, 60, 61, 44.383503, 0.986359]
[6, 24, 10, 61, 61, 44.385845, 0.986359]
[6, 24, 14, 51, 52, 44.392864, 0.986359]
[6, 24, 14, 52, 52, 44.395206, 0.986359]
[6, 25, 12, 247, 254, 44.430508, 0.986359]
[6, 25, 12, 248, 254, 44.461334, 0.986359]
[6, 25, 12, 249, 254, 44.48759, 0.986359]
[6, 25, 12, 250, 254, 44.50919, 0.986359]
[6, 25, 12, 251, 254, 44.526066, 0.986359]
[6, 25, 12, 252, 254, 44.538162, 0.986359]
[6, 25, 14, 35, 40, 44.564888, 0.986359]
[6, 25, 14, 36, 40, 44.586876, 0.986359]
[6, 25, 14, 37, 40, 44.604057, 0.986359]
[6, 26, 10, 118, 121, 44.584427, 0.986359]
[6, 26, 10, 119, 121, 44.596684, 0.986359]
[6, 26, 11, 249, 254, 44.623775, 0.986359]
[7, 8, 15, 197, 198, 44.623775, 0.98636043]
[7, 9, 8, 73, 72, 44.63119, 0.9863603]
[7, 9, 9, 112, 114, 44.64358, 0.9863601]
[7, 9, 9, 113, 114, 44.651035, 0.98635995]
[7, 10, 7, 3, 0, 44.883358, 0.98636]
[7, 10, 9, 0, 0, 45.013805, 0.98636556]
[7, 10, 9, 1, 0, 45.011105, 0.986365]
[7, 10, 9, 2, 0, 45.003006, 0.9863641]
[7, 10, 9, 3, 0, 44.98955, 0.9863634]
[7, 10, 9, 4, 0, 44.97078, 0.98636264]
[7, 10, 11, 19, 17, 45.02734, 0.9864151]
[7, 10, 12, 62, 66, 45.051804, 0.9863872]
[7, 10, 12, 63, 66, 45.07093, 0.9863576]
[7, 10, 12, 64, 66, 45.084644, 0.9863258]
[7, 10, 12, 65, 66, 45.09289, 0.9862924]
[7, 10, 13, 13, 14, 45.114967, 0.9865297]
[7, 10, 13, 14, 14, 45.117733, 0.9864749]
[7, 10, 16, 68, 67, 45.126045, 0.9864906]
[7, 10, 17, 56, 59, 45.145504, 0.9864873]
[7, 10, 17, 57, 59, 45.159454, 0.986484]
[7, 10, 17, 58, 59, 45.167843, 0.9864805]
[7, 10, 19, 234, 236, 45.18187, 0.98648024]
[7, 10, 19, 235, 236, 45.190304, 0.98648036]
[7, 10, 19, 236, 236, 45.193123, 0.98648024]
[7, 21, 15, 76, 77, 45.20158, 0.98648024]
[7, 22, 14, 115, 115, 45.2044, 0.98648024]
[7, 23, 11, 134, 133, 45.22705, 0.98648024]
[7, 23, 11, 135, 133, 45.218544, 0.98648024]
[7, 23, 12, 243, 254, 45.106674, 0.98648024]
[7, 23, 12, 244, 254, 45.165043, 0.98648024]
[7, 26, 11, 250, 254, 45.190304, 0.98648024]
[7, 26, 11, 251, 254, 45.21005, 0.98648024]
[8, 9, 7, 113, 114, 45.218544, 0.98648024]
[8, 9, 7, 114, 114, 45.221375, 0.98648024]
[8, 15, 17, 247, 254, 45.264107, 0.9864582]
[8, 21, 13, 247, 254, 45.19594, 0.98645824]
[8, 21, 13, 248, 254, 45.23273, 0.98645824]
[8, 23, 12, 245, 254, 45.287067, 0.98645824]
[8, 23, 12, 246, 254, 45.336273, 0.98645824]
[8, 23, 12, 247, 254, 45.380157, 0.98645824]
[8, 26, 10, 118, 121, 45.365482, 0.98645824]
[9, 9, 6, 65, 67, 45.3567, 0.98645824]
[9, 9, 6, 66, 67, 45.365482, 0.98645824]
[9, 9, 6, 67, 67, 45.368412, 0.98645824]
[9, 21, 13, 249, 254, 45.400787, 0.9864582]
