[0, 0, 0, 0, 45.400787, 0.9864582]
[1, 6, 9, 0, 0, 45.403748, 0.9864582]
[1, 7, 4, 0, 0, 45.406704, 0.9864582]
[1, 7, 5, 4, 0, 45.43341, 0.9864582]
[1, 7, 6, 83, 84, 45.44235, 0.9864582]
[1, 7, 7, 184, 185, 45.439365, 0.9864582]
[1, 7, 8, 159, 159, 45.44235, 0.9864582]
[1, 7, 10, 61, 60, 45.451305, 0.98645824]
[1, 7, 12, 3, 0, 45.47228, 0.98645824]
[1, 7, 13, 3, 0, 45.493355, 0.9864583]
[1, 7, 14, 1, 0, 45.490337, 0.98645824]
[1, 7, 16, 3, 0, 45.5115, 0.98645824]
[1, 7, 17, 2, 0, 45.52668, 0.98645824]
[1, 7, 18, 0, 0, 45.52972, 0.98645824]
[1, 7, 19, 1, 0, 45.538864, 0.98645824]
[1, 7, 21, 6, 0, 45.578693, 0.98645824]
[1, 8, 3, 0, 0, 45.58177, 0.98645824]
[1, 8, 4, 0, 0, 45.584854, 0.98645824]
[1, 8, 6, 221, 222, 45.58177, 0.98645824]
[1, 8, 7, 251, 254, 45.603386, 0.98645824]
[1, 8, 9, 252, 254, 45.61889, 0.98645824]
[1, 8, 10, 252, 254, 45.63445, 0.98645824]
[1, 8, 11, 241, 241, 45.63757, 0.9864585]
[1, 8, 18, 198, 198, 45.640694, 0.98645836]
[1, 8, 19, 198, 198, 45.643814, 0.98645836]
[1, 8, 20, 170, 170, 45.646942, 0.98645836]
[1, 8, 21, 51, 52, 45.643814, 0.98645836]
[1, 8, 22, 0, 0, 45.646942, 0.98645836]
[1, 9, 4, 0, 0, 45.65007, 0.98645836]
[1, 9, 5, 2, 0, 45.66574, 0.98645836]
[1, 9, 8, 72, 72, 45.668884, 0.9864584]
[1, 9, 9, 114, 114, 45.672024, 0.98645836]
[1, 9, 11, 226, 227, 45.681473, 0.98645604]
[1, 9, 13, 226, 225, 45.690937, 0.9864662]
[1, 9, 14, 251, 254, 45.7131, 0.9864585]
[1, 9, 16, 252, 254, 45.729008, 0.9864563]
[1, 9, 17, 248, 250, 45.744965, 0.9864557]
[1, 9, 18, 229, 229, 45.748165, 0.98645586]
[1, 9, 19, 249, 254, 45.783512, 0.98645586]
[1, 9, 20, 253, 254, 45.793205, 0.9864558]
[1, 9, 21, 139, 140, 45.78997, 0.9864558]
[1, 9, 22, 1, 0, 45.79968, 0.9864558]
[1, 10, 4, 0, 0, 45.802917, 0.9864558]
[1, 10, 5, 1, 0, 45.81265, 0.9864558]
[1, 10, 6, 2, 0, 45.828922, 0.9864558]
[1, 10, 7, 2, 0, 45.845253, 0.9864558]
[1, 10, 8, 4, 0, 45.87481, 0.986456]
[1, 10, 9, 3, 0, 45.897938, 0.98645675]
[1, 10, 10, 0, 0, 45.90125, 0.98646086]
[1, 10, 11, 18, 17, 45.911205, 0.9864767]
[1, 10, 12, 66, 66, 45.91453, 0.9864417]
[1, 10, 14, 68, 67, 45.911205, 0.98638386]
[1, 10, 16, 67, 67, 45.91453, 0.986399]
[1, 10, 17, 59, 59, 45.91786, 0.9863951]
[1, 10, 18, 21, 21, 45.92119, 0.9863959]
[1, 10, 20, 252, 254, 45.93787, 0.98639596]
[1, 10, 22, 0, 0, 45.94122, 0.98639596]
[1, 11, 5, 0, 0, 45.944565, 0.98639596]
[1, 11, 7, 0, 0, 45.947914, 0.98639596]
[1, 11, 8, 1, 0, 45.95798, 0.9863962]
[1, 11, 9, 3, 0, 45.981556, 0.9863992]
[1, 11, 10, 2, 0, 45.998474, 0.98641604]
[1, 11, 11, 0, 0, 46.001865, 0.98647386]
[1, 11, 12, 0, 0, 46.005257, 0.9866143]
[1, 11, 13, 0, 0, 46.00865, 0.9868319]
[1, 11, 15, 3, 0, 46.032505, 0.9869914]
[1, 11, 16, 1, 0, 46.04277, 0.9870512]
[1, 11, 17, 4, 0, 46.073704, 0.98706913]
[1, 11, 18, 83, 83, 46.07716, 0.9870666]
[1, 11, 19, 250, 253, 46.10139, 0.98706645]
[1, 12, 8, 0, 0, 46.104862, 0.9870671]
[1, 12, 15, 2, 0, 46.12227, 0.9874346]
[1, 12, 16, 3, 0, 46.146755, 0.9875915]
[1, 12, 18, 235, 233, 46.136246, 0.9875853]
[1, 12, 19, 251, 255, 46.167854, 0.9875847]
[1, 12, 21, 3, 0, 46.1926, 0.9875847]
[1, 13, 14, 2, 0, 46.210365, 0.98845845]
[1, 13, 15, 2, 0, 46.2282, 0.98900586]
[1, 13, 16, 2, 0, 46.24611, 0.9892281]
[1, 13, 18, 250, 254, 46.278534, 0.98922175]
[1, 13, 19, 238, 238, 46.28215, 0.98922086]
[1, 14, 13, 0, 0, 46.28577, 0.9899669]
[1, 14, 14, 2, 0, 46.30392, 0.99076957]
[1, 14, 15, 5, 0, 46.344116, 0.9913494]
[1, 14, 18, 254, 254, 46.34779, 0.99134177]
[1, 14, 20, 4, 0, 46.380985, 0.9913418]
[1, 15, 7, 0, 0, 46.38469, 0.9913419]
[1, 15, 8, 1, 0, 46.395817, 0.9913425]
[1, 15, 9, 2, 0, 46.414433, 0.99134827]
[1, 15, 12, 1, 0, 46.42564, 0.9916472]
[1, 15, 13, 1, 0, 46.43688, 0.99210423]
[1, 15, 14, 3, 0, 46.46321, 0.992603]
[1, 15, 15, 2, 0, 46.482117, 0.99289984]
[1, 15, 16, 133, 133, 46.48591, 0.99300617]
[1, 15, 17, 248, 254, 46.535496, 0.99299127]
[1, 15, 20, 3, 0, 46.56244, 0.9929914]
[1, 16, 7, 0, 0, 46.5663, 0.9929914]
[1, 16, 8, 0, 0, 46.570168, 0.9929917]
[1, 16, 13, 1, 0, 46.58178, 0.993168]
[1, 16, 14, 4, 0, 46.61682, 0.9933747]
[1, 16, 15, 8, 9, 46.628567, 0.9932838]
[1, 16, 17, 246, 248, 46.64821, 0.99327475]
[1, 16, 18, 58, 58, 46.652145, 0.9932731]
[1, 16, 19, 1, 0, 46.663986, 0.9932733]
[1, 16, 21, 0, 0, 46.66794, 0.9932733]
[1, 17, 13, 4, 0, 46.703686, 0.99332786]
[1, 17, 14, 2, 0, 46.72367, 0.99337643]
[1, 17, 16, 248, 254, 46.776066, 0.9933704]
[1, 17, 17, 184, 182, 46.79639, 0.99337393]
[1, 17, 18, 1, 0, 46.808628, 0.99337435]
[1, 18, 13, 5, 0, 46.85381, 0.9933841]
[1, 18, 15, 250, 251, 46.866207, 0.99338]
[1, 18, 16, 241, 240, 46.878647, 0.9933821]
[1, 18, 18, 2, 0, 46.899452, 0.9933823]
[1, 19, 12, 1, 0, 46.91199, 0.9933829]
[1, 19, 13, 18, 19, 46.907806, 0.9933834]
[1, 19, 15, 249, 254, 46.95403, 0.99338317]
[1, 19, 17, 4, 0, 46.99222, 0.99338317]
[1, 19, 18, 1, 0, 47.005028, 0.9933832]
[1, 20, 11, 0, 0, 47.0093, 0.99338317]
[1, 20, 12, 4, 3, 47.022156, 0.9933834]
[1, 20, 14, 251, 254, 47.0523, 0.9933832]
[1, 20, 15, 220, 219, 47.065285, 0.9933834]
[1, 20, 16, 34, 35, 47.07831, 0.9933831]
[1, 20, 17, 2, 0, 47.1001, 0.9933831]
[1, 20, 18, 0, 0, 47.10447, 0.9933831]
[1, 21, 11, 2, 0, 47.126392, 0.9933831]
[1, 21, 13, 250, 254, 47.166138, 0.99338317]
[1, 21, 14, 253, 254, 47.179466, 0.9933832]
[1, 21, 16, 4, 0, 47.2197, 0.9933832]
[1, 21, 17, 0, 0, 47.224194, 0.9933832]
[1, 22, 10, 0, 0, 47.22869, 0.9933832]
[1, 22, 11, 29, 31, 47.25125, 0.9933832]
[1, 22, 12, 225, 224, 47.264843, 0.9933832]
[1, 22, 13, 251, 254, 47.296726, 0.9933832]
[1, 22, 15, 5, 1, 47.338066, 0.9933832]
[1, 22, 16, 1, 0, 47.351936, 0.9933832]
[1, 23, 10, 1, 0, 47.36585, 0.9933832]
[1, 23, 11, 134, 133, 47.379803, 0.9933832]
[1, 23, 12, 248, 254, 47.440807, 0.9933832]
[1, 23, 14, 51, 52, 47.45501, 0.9933832]
[1, 23, 15, 1, 0, 47.469257, 0.9933832]
[1, 24, 9, 0, 0, 47.474014, 0.9933832]
[1, 24, 11, 241, 242, 47.488323, 0.9933832]
[1, 24, 12, 250, 254, 47.53154, 0.9933832]
[1, 24, 13, 253, 254, 47.54604, 0.9933832]
[1, 25, 9, 3, 0, 47.580063, 0.9933832]
[1, 25, 10, 121, 121, 47.584946, 0.9933832]
[1, 25, 11, 252, 254, 47.609444, 0.9933832]
[1, 25, 12, 253, 254, 47.624203, 0.9933832]
[1, 25, 13, 221, 219, 47.648922, 0.9933832]
[1, 25, 14, 38, 40, 47.67378, 0.9933832]
[1, 26, 9, 2, 0, 47.698784, 0.9933832]
[1, 26, 10, 119, 121, 47.723934, 0.9933832]
[1, 26, 11, 252, 254, 47.749226, 0.9933832]
[1, 26, 12, 206, 207, 47.764473, 0.9933832]
[1, 26, 13, 17, 18, 47.779774, 0.9933832]
[1, 26, 14, 3, 0, 47.81569, 0.9933832]
[1, 26, 15, 0, 0, 47.820843, 0.9933832]
[1, 27, 12, 3, 0, 47.795128, 0.9933832]
[2, 7, 5, 3, 0, 47.83117, 0.9933832]
[2, 7, 6, 84, 84, 47.83634, 0.9933832]
[2, 7, 7, 185, 185, 47.841522, 0.9933832]
[2, 7, 12, 2, 0, 47.867516, 0.9933834]
[2, 7, 13, 2, 0, 47.89366, 0.99338347]
[2, 7, 16, 2, 0, 47.919964, 0.99338347]
[2, 7, 18, 1, 0, 47.91469, 0.99338347]
[2, 7, 21, 5, 0, 47.97306, 0.99338347]
[2, 8, 7, 252, 254, 47.999847, 0.99338347]
[2, 8, 8, 253, 254, 48.016006, 0.99338347]
[2, 8, 9, 253, 254, 48.03222, 0.99338347]
[2, 8, 10, 253, 254, 48.048496, 0.99338335]
[2, 8, 13, 196, 198, 48.075756, 0.99338275]
[2, 8, 15, 198, 198, 48.08123, 0.99338233]
[2, 8, 21, 52, 52, 48.08671, 0.99338233]
[2, 9, 5, 1, 0, 48.10319, 0.99338233]
[2, 9, 10, 163, 163, 48.1087, 0.9933827]
[2, 9, 11, 227, 227, 48.11422, 0.99338096]
[2, 9, 13, 225, 225, 48.11974, 0.99338824]
[2, 9, 14, 252, 254, 48.147453, 0.9933824]
[2, 9, 16, 253, 254, 48.16417, 0.99338084]
[2, 9, 17, 249, 250, 48.180946, 0.9933804]
[2, 9, 19, 250, 254, 48.231674, 0.9933804]
[2, 9, 20, 254, 254, 48.237347, 0.9933804]
[2, 10, 5, 0, 0, 48.24303, 0.9933804]
[2, 10, 6, 1, 0, 48.260117, 0.9933804]
[2, 10, 7, 1, 0, 48.27727, 0.9933804]
[2, 10, 8, 3, 0, 48.317562, 0.99338055]
[2, 10, 9, 2, 0, 48.346573, 0.993381]
[2, 10, 11, 17, 17, 48.3524, 0.9933923]
[2, 10, 14, 67, 67, 48.358234, 0.99343514]
[2, 10, 15, 67, 67, 48.364075, 0.9934095]
[2, 10, 20, 253, 254, 48.381645, 0.9934095]
[2, 10, 21, 106, 106, 48.38752, 0.9934095]
[2, 11, 8, 0, 0, 48.3934, 0.99340963]
[2, 11, 9, 2, 0, 48.422924, 0.99341184]
[2, 11, 10, 1, 0, 48.440735, 0.9934239]
[2, 11, 15, 2, 0, 48.470585, 0.99354154]
[2, 11, 16, 0, 0, 48.476578, 0.99358416]
[2, 11, 17, 3, 0, 48.518772, 0.9935975]
[2, 11, 19, 251, 253, 48.549164, 0.99359727]
[2, 12, 15, 1, 0, 48.5675, 0.99386233]
[2, 12, 16, 2, 0, 48.598236, 0.9939768]
[2, 12, 18, 234, 233, 48.616783, 0.9939815]
[2, 12, 19, 252, 255, 48.660366, 0.99398124]
[2, 12, 21, 2, 0, 48.69177, 0.99398124]
[2, 13, 14, 1, 0, 48.71072, 0.99460053]
[2, 13, 15, 1, 0, 48.72976, 0.99498224]
[2, 13, 16, 1, 0, 48.748875, 0.9951358]
[2, 13, 17, 129, 129, 48.75527, 0.995173]
[2, 13, 18, 251, 254, 48.80027, 0.99516857]
[2, 14, 14, 1, 0, 48.8197, 0.99572986]
[2, 14, 15, 4, 0, 48.878525, 0.9961526]
[2, 14, 19, 62, 62, 48.88511, 0.99615204]
[2, 14, 20, 3, 0, 48.931484, 0.99615204]
[2, 15, 8, 0, 0, 48.938152, 0.9961525]
[2, 15, 9, 1, 0, 48.958214, 0.9961564]
[2, 15, 12, 0, 0, 48.964924, 0.99635327]
[2, 15, 13, 0, 0, 48.971638, 0.99664956]
[2, 15, 14, 2, 0, 49.005383, 0.9969853]
[2, 15, 15, 1, 0, 49.025757, 0.9971768]
[2, 15, 16, 134, 133, 49.018955, 0.99710613]
[2, 15, 17, 249, 254, 49.094368, 0.9970983]
[2, 15, 20, 2, 0, 49.129086, 0.99709845]
[2, 16, 13, 0, 0, 49.13606, 0.9972092]
[2, 16, 14, 3, 0, 49.185215, 0.9973503]
[2, 16, 17, 247, 248, 49.206448, 0.99734443]
[2, 16, 19, 0, 0, 49.21355, 0.9973445]
[2, 17, 13, 3, 0, 49.26359, 0.9973813]
[2, 17, 14, 1, 0, 49.28522, 0.9974124]
[2, 17, 16, 249, 254, 49.36544, 0.99740946]
[2, 17, 18, 0, 0, 49.37281, 0.9974098]
[2, 18, 13, 4, 0, 49.439682, 0.99741644]
[2, 18, 15, 251, 251, 49.447174, 0.99741375]
[2, 18, 18, 1, 0, 49.46974, 0.9974139]
[2, 19, 12, 0, 0, 49.477287, 0.9974142]
[2, 19, 15, 250, 254, 49.5458, 0.9974141]
[2, 19, 17, 3, 0, 49.599846, 0.997414]
[2, 19, 18, 0, 0, 49.607624, 0.9974141]
[2, 20, 12, 3, 3, 49.615414, 0.9974141]
[2, 20, 13, 204, 203, 49.638863, 0.9974142]
[2, 20, 14, 252, 254, 49.67824, 0.9974142]
[2, 20, 16, 35, 35, 49.686157, 0.9974141]
[2, 20, 17, 1, 0, 49.71, 0.9974141]
[2, 21, 11, 1, 0, 49.73397, 0.9974141]
[2, 21, 13, 251, 254, 49.790424, 0.9974141]
[2, 21, 14, 254, 254, 49.79855, 0.99741405]
[2, 21, 16, 3, 0, 49.855854, 0.99741405]
[2, 22, 11, 30, 31, 49.880653, 0.99741405]
[2, 22, 13, 252, 254, 49.922287, 0.99741405]
[2, 22, 15, 4, 1, 49.981262, 0.99741405]
[2, 22, 16, 0, 0, 49.989754, 0.99741405]
[2, 23, 10, 0, 0, 49.99826, 0.99741405]
[2, 23, 12, 249, 254, 50.092957, 0.99741405]
[2, 23, 14, 52, 52, 50.10167, 0.99741405]
[2, 23, 15, 0, 0, 50.110397, 0.99741405]
[2, 24, 11, 242, 242, 50.11915, 0.99741405]
[2, 24, 12, 251, 254, 50.180874, 0.99741405]
[2, 25, 9, 2, 0, 50.22551, 0.99741405]
[2, 25, 11, 253, 254, 50.25251, 0.99741405]
[2, 25, 13, 220, 219, 50.279686, 0.99741405]
[2, 25, 14, 39, 40, 50.30703, 0.99741405]
[2, 26, 9, 1, 0, 50.33454, 0.99741405]
[2, 26, 10, 120, 121, 50.362236, 0.99741405]
[2, 26, 11, 253, 254, 50.390102, 0.99741405]
[2, 26, 14, 2, 0, 50.436954, 0.99741405]
[3, 7, 5, 2, 0, 50.484318, 0.99741405]
[3, 7, 12, 1, 0, 50.51298, 0.99741405]
[3, 7, 13, 1, 0, 50.541836, 0.9974142]
[3, 7, 21, 4, 0, 50.629578, 0.9974142]
[3, 8, 7, 253, 254, 50.65922, 0.9974142]
[3, 8, 9, 254, 254, 50.66915, 0.9974141]
[3, 8, 10, 254, 254, 50.6791, 0.997414]
[3, 8, 13, 197, 198, 50.709087, 0.99741375]
[3, 9, 5, 0, 0, 50.719124, 0.99741375]
[3, 9, 12, 253, 254, 50.74939, 0.9974113]
[3, 9, 14, 253, 254, 50.77987, 0.9974076]
[3, 9, 16, 254, 254, 50.790073, 0.99740654]
[3, 9, 19, 251, 254, 50.8622, 0.9974064]
[3, 9, 21, 140, 140, 50.8726, 0.9974064]
[3, 9, 22, 0, 0, 50.88303, 0.9974064]
[3, 10, 6, 0, 0, 50.893482, 0.9974064]
[3, 10, 7, 0, 0, 50.903957, 0.9974064]
[3, 10, 8, 2, 0, 50.95673, 0.9974065]
[3, 10, 9, 1, 0, 50.988705, 0.99740684]
[3, 10, 10, 1, 0, 50.97802, 0.9974049]
[3, 11, 9, 1, 0, 51.01015, 0.99740624]
[3, 11, 10, 0, 0, 51.020912, 0.99741364]
[3, 11, 15, 1, 0, 51.053364, 0.99748856]
[3, 11, 17, 2, 0, 51.10799, 0.99749726]
[3, 11, 19, 252, 253, 51.1411, 0.99749726]
[3, 12, 15, 0, 0, 51.152195, 0.997658]
[3, 12, 16, 1, 0, 51.18565, 0.99772954]
[3, 12, 19, 253, 255, 51.241978, 0.9977293]
[3, 12, 21, 1, 0, 51.27613, 0.9977293]
[3, 13, 14, 0, 0, 51.28757, 0.99809116]
[3, 13, 15, 0, 0, 51.299046, 0.9983054]
[3, 13, 16, 0, 0, 51.31055, 0.9983891]
[3, 13, 18, 252, 254, 51.368534, 0.998387]
[3, 14, 14, 0, 0, 51.380222, 0.9986832]
[3, 14, 15, 3, 0, 51.46295, 0.9989333]
[3, 14, 20, 2, 0, 51.523018, 0.9989333]
[3, 15, 9, 0, 0, 51.535133, 0.9989353]
[3, 15, 14, 1, 0, 51.571682, 0.9991176]
[3, 15, 15, 0, 0, 51.58393, 0.99920964]
[3, 15, 17, 250, 254, 51.69577, 0.9992092]
[3, 15, 20, 1, 0, 51.733704, 0.99920934]
[3, 16, 14, 2, 0, 51.797665, 0.9992872]
[3, 16, 16, 206, 205, 51.8365, 0.9993042]
[3, 16, 17, 248, 248, 51.84952, 0.9993013]
[3, 17, 13, 2, 0, 51.915226, 0.9993212]
[3, 17, 14, 0, 0, 51.928486, 0.99933517]
[3, 17, 16, 250, 254, 52.049694, 0.9993353]
[3, 18, 13, 3, 0, 52.146362, 0.9993392]
[3, 19, 13, 19, 19, 52.160347, 0.999339]
[3, 19, 14, 222, 221, 52.202576, 0.99933934]
[3, 19, 15, 251, 254, 52.30275, 0.9993392]
[3, 19, 17, 2, 0, 52.375744, 0.9993393]
[3, 20, 14, 253, 254, 52.420135, 0.9993393]
[3, 20, 17, 0, 0, 52.43503, 0.9993393]
[3, 21, 11, 0, 0, 52.449986, 0.9993393]
[3, 21, 13, 252, 254, 52.525513, 0.9993392]
[3, 21, 16, 2, 0, 52.602386, 0.9993392]
[3, 22, 11, 31, 31, 52.61792, 0.9993392]
[3, 22, 13, 253, 254, 52.66487, 0.9993392]
[3, 22, 14, 114, 115, 52.649166, 0.9993392]
[3, 22, 15, 3, 1, 52.728275, 0.9993392]
[3, 23, 12, 250, 254, 52.87441, 0.9993392]
[3, 24, 12, 252, 254, 52.957767, 0.9993392]
[3, 24, 13, 254, 254, 52.974632, 0.9993392]
[3, 25, 9, 1, 0, 53.025627, 0.9993392]
[3, 25, 11, 254, 254, 53.04276, 0.9993392]
[3, 25, 13, 219, 219, 53.05996, 0.9993392]
[3, 26, 9, 0, 0, 53.077225, 0.9993392]
[3, 26, 10, 121, 121, 53.094563, 0.9993392]
[3, 26, 11, 254, 254, 53.11197, 0.9993392]
[3, 26, 14, 1, 0, 53.16461, 0.9993392]
[3, 27, 11, 2, 0, 53.25379, 0.9993392]
[4, 7, 5, 1, 0, 53.308193, 0.9993392]
[4, 7, 8, 160, 159, 53.289986, 0.9993392]
[4, 7, 16, 1, 0, 53.344845, 0.9993392]
[4, 7, 17, 1, 0, 53.400406, 0.9993392]
[4, 7, 21, 3, 0, 53.53288, 0.9993392]
[4, 8, 7, 254, 254, 53.55214, 0.9993392]
[4, 8, 17, 198, 198, 53.571484, 0.9993392]
[4, 9, 14, 254, 254, 53.590916, 0.9993373]
[4, 9, 17, 250, 250, 53.610435, 0.99933726]
[4, 9, 19, 252, 254, 53.70937, 0.9993373]
[4, 10, 8, 1, 0, 53.769825, 0.99933743]
[4, 10, 9, 0, 0, 53.790165, 0.99933743]
[4, 10, 20, 254, 254, 53.810604, 0.99933743]
[4, 11, 9, 0, 0, 53.83114, 0.9993382]
[4, 11, 15, 0, 0, 53.85177, 0.9993717]
[4, 11, 17, 1, 0, 53.91426, 0.9993759]
[4, 11, 19, 253, 253, 53.93529, 0.999376]
[4, 12, 16, 0, 0, 53.956425, 0.99940836]
[4, 12, 19, 254, 255, 54.02045, 0.99940825]
[4, 12, 21, 0, 0, 54.042, 0.99940825]
[4, 13, 18, 253, 254, 54.10731, 0.999407]
[4, 14, 15, 2, 0, 54.21839, 0.999573]
[4, 14, 20, 1, 0, 54.286427, 0.9995729]
[4, 15, 14, 0, 0, 54.30935, 0.99967057]
[4, 15, 17, 251, 254, 54.473248, 0.9996717]
[4, 15, 19, 5, 5, 54.49718, 0.99967164]
[4, 15, 20, 0, 0, 54.52124, 0.99967164]
[4, 16, 14, 1, 0, 54.59423, 0.9997184]
[4, 16, 15, 9, 9, 54.618835, 0.9997024]
[4, 16, 16, 205, 205, 54.64358, 0.9997119]
[4, 17, 13, 1, 0, 54.71868, 0.999724]
[4, 17, 15, 127, 126, 54.795097, 0.99973184]
[4, 17, 16, 251, 254, 54.978813, 0.9997323]
[4, 17, 17, 183, 182, 55.059994, 0.99973327]
[4, 18, 13, 2, 0, 55.198757, 0.9997357]
[4, 18, 14, 75, 75, 55.227047, 0.9997347]
[4, 19, 15, 252, 254, 55.371346, 0.99973464]
[4, 19, 17, 1, 0, 55.46028, 0.9997346]
[4, 20, 13, 203, 203, 55.49034, 0.99973464]
[4, 20, 14, 254, 254, 55.520603, 0.9997346]
[4, 20, 15, 219, 219, 55.55108, 0.9997346]
[4, 21, 13, 253, 254, 55.643818, 0.99973464]
[4, 21, 15, 77, 77, 55.675175, 0.9997346]
[4, 21, 16, 1, 0, 55.770626, 0.9997346]
[4, 22, 12, 224, 224, 55.802917, 0.9997346]
[4, 22, 13, 254, 254, 55.835445, 0.9997346]
[4, 22, 14, 115, 115, 55.868225, 0.9997346]
[4, 22, 15, 2, 1, 55.968067, 0.9997346]
[4, 23, 12, 251, 254, 56.210365, 0.9997346]
[4, 23, 13, 254, 254, 56.24611, 0.9997346]
[4, 23, 23, 0, 0, 56.28215, 0.9997346]
[4, 24, 12, 253, 254, 56.3921, 0.9997346]
[4, 25, 9, 0, 0, 56.429382, 0.9997346]
[4, 25, 12, 254, 254, 56.466988, 0.9997346]
[4, 25, 14, 40, 40, 56.504917, 0.9997346]
[4, 26, 12, 207, 207, 56.54318, 0.9997346]
[4, 26, 14, 0, 0, 56.581783, 0.9997346]
[4, 27, 11, 1, 0, 56.6997, 0.9997346]
[5, 7, 11, 36, 36, 56.739723, 0.99973464]
[5, 7, 18, 0, 0, 56.780125, 0.99973464]
[5, 7, 21, 2, 0, 56.98796, 0.99973464]
[5, 8, 8, 254, 254, 57.03075, 0.99973464]
[5, 9, 12, 254, 254, 57.073963, 0.9997339]
[5, 9, 19, 253, 254, 57.20625, 0.999734]
[5, 10, 8, 0, 0, 57.25125, 0.99973404]
[5, 10, 10, 0, 0, 57.29673, 0.9997345]
[5, 11, 17, 0, 0, 57.342686, 0.9997371]
[5, 12, 18, 233, 233, 57.389133, 0.9997379]
[5, 12, 19, 255, 255, 57.43608, 0.9997379]
[5, 13, 18, 254, 254, 57.483547, 0.9997369]
[5, 14, 15, 1, 0, 57.629135, 0.99983895]
[5, 14, 16, 59, 59, 57.67877, 0.9998207]
[5, 14, 17, 249, 249, 57.728977, 0.99982864]
[5, 14, 20, 0, 0, 57.779774, 0.99982864]
[5, 15, 16, 133, 133, 57.83117, 0.9998471]
[5, 15, 17, 252, 254, 58.09769, 0.9998479]
[5, 15, 18, 187, 187, 58.153015, 0.99984854]
[5, 16, 14, 0, 0, 58.209053, 0.9998759]
[5, 17, 13, 0, 0, 58.265823, 0.9998826]
[5, 17, 16, 252, 254, 58.56138, 0.999883]
[5, 18, 13, 1, 0, 58.748875, 0.99988455]
[5, 19, 14, 221, 221, 58.813217, 0.9998848]
[5, 19, 15, 253, 254, 59.01216, 0.9998846]
[5, 19, 17, 0, 0, 59.08056, 0.9998846]
[5, 21, 13, 254, 254, 59.150043, 0.9998847]
[5, 21, 16, 0, 0, 59.220665, 0.9998847]
[5, 22, 15, 1, 1, 59.29245, 0.9998847]
[5, 23, 11, 133, 133, 59.365444, 0.9998847]
[5, 23, 12, 252, 254, 59.750027, 0.9998847]
[5, 24, 12, 254, 254, 59.831203, 0.9998847]
[5, 26, 13, 18, 18, 59.91393, 0.9998847]
[5, 27, 11, 0, 0, 59.998257, 0.9998847]
[5, 27, 12, 2, 0, 60.446384, 0.9998847]
[6, 7, 5, 0, 0, 60.541836, 0.9998847]
[6, 7, 8, 159, 159, 60.639435, 0.9998847]
[6, 7, 10, 60, 60, 60.739277, 0.9998846]
[6, 7, 12, 0, 0, 60.84147, 0.9998845]
[6, 7, 14, 0, 0, 60.946125, 0.9998847]
[6, 7, 15, 0, 0, 61.053364, 0.9998847]
[6, 7, 17, 0, 0, 61.16332, 0.9998847]
[6, 7, 19, 0, 0, 61.276127, 0.9998847]
[6, 7, 21, 1, 0, 61.63328, 0.9998847]
[6, 8, 6, 222, 222, 61.75917, 0.9998847]
[6, 8, 13, 198, 198, 61.888824, 0.9998846]
[6, 9, 19, 254, 254, 62.02246, 0.9998846]
[6, 14, 15, 0, 0, 62.160347, 0.9999375]
[6, 15, 17, 253, 254, 62.602383, 0.99993813]
[6, 17, 15, 126, 126, 62.760323, 0.9999412]
[6, 17, 16, 253, 254, 63.271847, 0.9999415]
[6, 17, 17, 182, 182, 63.45668, 0.999942]
[6, 18, 13, 0, 0, 63.649734, 0.9999427]
[6, 18, 16, 240, 240, 63.85177, 0.999943]
[6, 18, 17, 57, 57, 64.06366, 0.9999429]
[6, 19, 15, 254, 254, 64.28642, 0.9999427]
[6, 23, 12, 253, 254, 65.03276, 0.9999427]
[6, 27, 12, 1, 0, 65.934525, 0.9999427]
[7, 7, 13, 0, 0, 66.28215, 0.9999427]
[7, 7, 16, 0, 0, 66.660034, 0.9999427]
[7, 7, 21, 0, 0, 67.07396, 0.9999427]
[7, 15, 17, 254, 254, 67.53153, 0.99994147]
[7, 17, 16, 254, 254, 68.04306, 0.999941]
[7, 18, 18, 0, 0, 68.622986, 0.999941]
[7, 23, 12, 254, 254, 69.29245, 0.999941]
[7, 27, 12, 0, 0, 70.08427, 0.999941]
